0.05 1 0.00119063
0.08 1 0.00287696
0.1 1 0.00385621
0.12 1 0.00470616
0.15 1 0.00573344
0.18 1 0.00645894
0.2 1 0.00677577
0.3 1 0.00658461
0.4 1 0.00470191
0.5 1 0.00318288
0.6 1 0.00257272
0.7 1 0.00237904
0.8 1 0.00239496
0.9 1 0.00243251
1 1 0.00520464
0.05 1 -7.73282e-05
0.08 1 -4.2087e-05
0.1 1 -1.81847e-05
0.12 1 6.08153e-06
0.15 1 4.32378e-05
0.18 1 8.14102e-05
0.2 1 0.000107486
0.3 1 0.000246938
0.4 1 0.000405945
0.5 1 0.000591349
0.6 1 0.00080696
0.7 1 0.00104452
0.8 1 0.00128744
0.9 1 0.00158469
1 1 0.00517958
0.05 1 0.000493991
0.08 1 0.0023698
0.1 1 0.00348092
0.12 1 0.00440636
0.15 1 0.00542188
0.18 1 0.00597643
0.2 1 0.00610612
0.3 1 0.00498109
0.4 1 0.00384884
0.5 1 0.00364246
0.6 1 0.00344918
0.7 1 0.003135
0.8 1 0.00274833
0.9 1 0.00250967
