0.05 0.1 0.000334171
0.05 0.5 0.00220188
0.05 1 0.0043408
0.05 2 0.00806613
0.05 4 0.0138537
0.05 6 0.0181231
0.05 8 0.0213922
0.05 10 0.0239712
0.05 12 0.0260554
0.05 15 0.028524
0.08 0.1 0.000606075
0.08 0.5 0.00348444
0.08 1 0.00680436
0.08 2 0.0126413
0.08 4 0.0218252
0.08 6 0.0286687
0.08 8 0.0339362
0.08 10 0.0381028
0.08 12 0.0414747
0.08 15 0.0454709
0.1 0.1 0.000771316
0.1 0.5 0.00427271
0.1 1 0.00833215
0.1 2 0.0155185
0.1 4 0.0269316
0.1 6 0.0354998
0.1 8 0.0421203
0.1 10 0.0473675
0.1 12 0.051618
0.1 15 0.0566579
0.12 0.1 0.000923354
0.12 0.5 0.00500417
0.12 1 0.00976141
0.12 2 0.0182454
0.12 4 0.0318557
0.12 6 0.0421563
0.12 8 0.0501485
0.12 10 0.0564963
0.12 12 0.0616436
0.12 15 0.0677496
0.15 0.1 0.00112582
0.15 0.5 0.00598826
0.15 1 0.011707
0.15 2 0.0220289
0.15 4 0.038866
0.15 6 0.0517808
0.15 8 0.0618703
0.15 10 0.0699114
0.15 12 0.0764423
0.15 15 0.0841948
0.18 0.1 0.00129632
0.18 0.5 0.00682754
0.18 1 0.0133952
0.18 2 0.0254075
0.18 4 0.0453721
0.18 6 0.0609209
0.18 8 0.0731625
0.18 10 0.082956
0.18 12 0.0909237
0.18 15 0.100388
0.2 0.1 0.00139156
0.2 0.5 0.00730168
0.2 1 0.0143667
0.2 2 0.0274127
0.2 4 0.0493958
0.2 6 0.0667116
0.2 8 0.0804231
0.2 10 0.0914228
0.2 12 0.100383
0.2 15 0.111029
0.3 0.1 0.00163609
0.3 0.5 0.00855611
0.3 1 0.0171434
0.3 2 0.0339177
0.3 4 0.0647773
0.3 6 0.091015
0.3 8 0.112627
0.3 10 0.130281
0.3 12 0.144762
0.3 15 0.161988
0.4 0.1 0.0015035
0.4 0.5 0.00787844
0.4 1 0.0160933
0.4 2 0.0332227
0.4 4 0.068946
0.4 6 0.103602
0.4 8 0.134419
