0.05 8 0.0215138
0.08 8 0.0340508
0.1 8 0.0422315
0.12 8 0.0502571
0.15 8 0.061976
0.18 8 0.0732663
0.2 8 0.0805259
0.3 8 0.112727
0.4 8 0.134519
0.5 8 0.135184
0.6 8 0.085393
0.7 8 0.0205929
0.8 8 0.00303151
0.9 8 0.000625627
1 8 0.000785119
0.05 8 0.0215138
0.08 8 0.0340508
0.1 8 0.0422315
0.12 8 0.0502571
0.15 8 0.061976
0.18 8 0.0732663
0.2 8 0.0805259
0.3 8 0.112727
0.4 8 0.134519
0.5 8 0.135184
0.6 8 0.085393
0.7 8 0.0205929
0.8 8 0.00303151
0.9 8 0.000625627
1 8 0.000785119
0.05 8 0.0215138
0.08 8 0.0340508
0.1 8 0.0422315
0.12 8 0.0502571
0.15 8 0.061976
0.18 8 0.0732663
0.2 8 0.0805259
0.3 8 0.112727
0.4 8 0.134519
0.5 8 0.135184
0.6 8 0.085393
0.7 8 0.0205929
0.8 8 0.00303151
0.9 8 0.000625627
1 8 0.000785119
