0.05 4 0.0139874
0.08 4 0.0219514
0.1 4 0.0270542
0.12 4 0.0319754
0.15 4 0.0389825
0.18 4 0.0454863
0.2 4 0.0495086
0.3 4 0.0648851
0.4 4 0.0690474
0.5 4 0.0563908
0.6 4 0.0294056
0.7 4 0.0088358
0.8 4 0.00162736
0.9 4 0.00053504
1 4 0.000738524
0.05 4 0.0139874
0.08 4 0.0219514
0.1 4 0.0270542
0.12 4 0.0319754
0.15 4 0.0389825
0.18 4 0.0454863
0.2 4 0.0495086
0.3 4 0.0648851
0.4 4 0.0690474
0.5 4 0.0563908
0.6 4 0.0294056
0.7 4 0.0088358
0.8 4 0.00162736
0.9 4 0.00053504
1 4 0.000738524
0.05 4 0.0139874
0.08 4 0.0219514
0.1 4 0.0270542
0.12 4 0.0319754
0.15 4 0.0389825
0.18 4 0.0454863
0.2 4 0.0495086
0.3 4 0.0648851
0.4 4 0.0690474
0.5 4 0.0563908
0.6 4 0.0294056
0.7 4 0.0088358
0.8 4 0.00162736
0.9 4 0.00053504
1 4 0.000738524
