0.05 10 0.0240873
0.08 10 0.0382125
0.1 10 0.0474741
0.12 10 0.0566005
0.15 10 0.070013
0.18 10 0.0830557
0.2 10 0.0915216
0.3 10 0.130378
0.4 10 0.160567
0.5 10 0.173364
0.6 10 0.134387
0.7 10 0.0285695
0.8 10 0.00377817
0.9 10 0.00066953
1 10 0.000806663
0.05 10 0.0240873
0.08 10 0.0382125
0.1 10 0.0474741
0.12 10 0.0566005
0.15 10 0.070013
0.18 10 0.0830557
0.2 10 0.0915216
0.3 10 0.130378
0.4 10 0.160567
0.5 10 0.173364
0.6 10 0.134387
0.7 10 0.0285695
0.8 10 0.00377817
0.9 10 0.00066953
1 10 0.000806663
0.05 10 0.0240873
0.08 10 0.0382125
0.1 10 0.0474741
0.12 10 0.0566005
0.15 10 0.070013
0.18 10 0.0830557
0.2 10 0.0915216
0.3 10 0.130378
0.4 10 0.160567
0.5 10 0.173364
0.6 10 0.134387
0.7 10 0.0285695
0.8 10 0.00377817
0.9 10 0.00066953
1 10 0.000806663
