0.05 0.1 -3.00113e-05
0.08 0.1 -2.02076e-05
0.1 0.1 1.54332e-05
0.12 0.1 5.35554e-05
0.15 0.1 0.000117012
0.18 0.1 0.00018888
0.2 0.1 0.00024066
0.3 0.1 0.000479791
0.4 0.1 0.000529486
0.5 0.1 0.000659127
0.6 0.1 0.000872447
0.7 0.1 0.00103758
0.8 0.1 0.00119426
0.9 0.1 0.00139607
1 0.1 0.00493687
0.05 0.1 -7.06674e-05
0.08 0.1 -9.63203e-05
0.1 0.1 -8.61784e-05
0.12 0.1 -7.58359e-05
0.15 0.1 -5.99343e-05
0.18 0.1 -4.35514e-05
0.2 0.1 -3.23539e-05
0.3 0.1 2.71238e-05
0.4 0.1 9.29296e-05
0.5 0.1 0.000166089
0.6 0.1 0.000248372
0.7 0.1 0.000341289
0.8 0.1 0.000533572
0.9 0.1 0.00103121
1 0.1 0.00490371
0.05 0.1 -0.00011117
0.08 0.1 -6.07226e-06
0.1 0.1 2.56043e-05
0.12 0.1 5.56828e-05
0.15 0.1 9.84984e-05
0.18 0.1 0.000139434
0.2 0.1 0.000166168
0.3 0.1 0.0003057
0.4 0.1 0.000481039
0.5 0.1 0.000663909
0.6 0.1 0.000794629
0.7 0.1 0.000863009
0.8 0.1 0.00093546
0.9 0.1 0.00114977
