0.05 0.1 0.000479302
0.05 0.5 0.00234605
0.05 1 0.00448362
0.05 2 0.00820599
0.05 4 0.0139874
0.05 6 0.0182505
0.05 8 0.0215138
0.05 10 0.0240873
0.05 12 0.0261665
0.05 15 0.0286285
0.08 0.1 0.000744978
0.08 0.5 0.0036221
0.08 1 0.0069404
0.08 2 0.012774
0.08 4 0.0219514
0.08 6 0.0287888
0.08 8 0.0340508
0.08 10 0.0382125
0.08 12 0.0415799
0.08 15 0.0455704
0.1 0.1 0.000907203
0.1 0.5 0.00440724
0.1 1 0.00846493
0.1 2 0.0156478
0.1 4 0.0270542
0.1 6 0.0356164
0.1 8 0.0422315
0.1 10 0.0474741
0.1 12 0.0517205
0.1 15 0.056755
0.12 0.1 0.00105675
0.12 0.5 0.00513615
0.12 1 0.00989157
0.12 2 0.0183719
0.12 4 0.0319754
0.12 6 0.0422701
0.12 8 0.0502571
0.12 10 0.0566005
0.12 12 0.0617439
0.12 15 0.0678449
0.15 0.1 0.00125598
0.15 0.5 0.00611702
0.15 1 0.0118339
0.15 2 0.0221522
0.15 4 0.0389825
0.15 6 0.0518915
0.15 8 0.061976
0.15 10 0.070013
0.15 12 0.0765402
0.15 15 0.0842881
0.18 0.1 0.00142345
0.18 0.5 0.00695335
0.18 1 0.0135193
0.18 2 0.0255281
0.18 4 0.0454863
0.18 6 0.0610294
0.18 8 0.0732663
0.18 10 0.0830557
0.18 12 0.0910199
0.18 15 0.100479
0.2 0.1 0.00151661
0.2 0.5 0.00742554
0.2 1 0.014489
0.2 2 0.0275317
0.2 4 0.0495086
0.2 6 0.0668191
0.2 8 0.0805259
0.2 10 0.0915216
0.2 12 0.100478
0.2 15 0.11112
0.3 0.1 0.00174866
0.3 0.5 0.00866852
0.3 1 0.0172554
0.3 2 0.0340286
0.3 4 0.0648851
0.3 6 0.0911192
0.3 8 0.112727
0.3 10 0.130378
0.3 12 0.144856
0.3 15 0.162079
0.4 0.1 0.00159819
0.4 0.5 0.00797418
0.4 1 0.0161903
0.4 2 0.0333217
0.4 4 0.0690474
0.4 6 0.103703
0.4 8 0.134519
0.4 10 0.160567
0.4 12 0.182161
0.4 15 0.207814
0.5 0.1 0.00116993
0.5 0.5 0.00572722
0.5 1 0.0117402
0.5 2 0.024915
0.5 4 0.0563908
0.5 6 0.0943779
0.5 8 0.135184
0.5 10 0.173364
0.5 12 0.205971
0.5 15 0.244417
0.6 0.1 0.000688558
0.6 0.5 0.00303982
0.6 1 0.00612991
0.6 2 0.0128849
0.6 4 0.0294056
0.6 6 0.0520804
0.6 8 0.085393
0.6 10 0.134387
0.6 12 0.191283
0.6 15 0.259792
0.7 0.1 0.000388197
0.7 0.5 0.00116249
0.7 1 0.00215541
0.7 2 0.0042351
0.7 4 0.0088358
0.7 6 0.0141891
0.7 8 0.0205929
0.7 10 0.0285695
0.7 12 0.0391811
0.7 15 0.0681753
0.8 0.1 0.00030546
0.8 0.5 0.000473118
0.8 1 0.000638235
0.8 2 0.000963427
0.8 4 0.00162736
0.8 6 0.00231558
0.8 8 0.00303151
0.8 10 0.00377817
0.8 12 0.00455946
0.8 15 0.00580959
0.9 0.1 0.000306901
0.9 0.5 0.000386963
0.9 1 0.000427667
0.9 2 0.000475069
0.9 4 0.00053504
0.9 6 0.000581762
0.9 8 0.000625627
0.9 10 0.00066953
0.9 12 0.00071457
0.9 15 0.000786609
1 0.1 0.000589947
1 0.5 0.000653961
1 1 0.000681567
1 2 0.000709237
1 4 0.000738524
1 6 0.00076164
1 8 0.000785119
1 10 0.000806663
1 12 0.000825997
1 15 0.000854368
0.05 0.1 0.000479302
0.05 0.5 0.00234605
0.05 1 0.00448362
0.05 2 0.00820599
0.05 4 0.0139874
0.05 6 0.0182505
0.05 8 0.0215138
0.05 10 0.0240873
0.05 12 0.0261665
0.05 15 0.0286285
0.08 0.1 0.000744978
0.08 0.5 0.0036221
0.08 1 0.0069404
0.08 2 0.012774
0.08 4 0.0219514
0.08 6 0.0287888
0.08 8 0.0340508
0.08 10 0.0382125
0.08 12 0.0415799
0.08 15 0.0455704
0.1 0.1 0.000907203
0.1 0.5 0.00440724
0.1 1 0.00846493
0.1 2 0.0156478
0.1 4 0.0270542
0.1 6 0.0356164
0.1 8 0.0422315
0.1 10 0.0474741
0.1 12 0.0517205
0.1 15 0.056755
0.12 0.1 0.00105675
0.12 0.5 0.00513615
0.12 1 0.00989157
0.12 2 0.0183719
0.12 4 0.0319754
0.12 6 0.0422701
0.12 8 0.0502571
0.12 10 0.0566005
0.12 12 0.0617439
0.12 15 0.0678449
0.15 0.1 0.00125598
0.15 0.5 0.00611702
0.15 1 0.0118339
0.15 2 0.0221522
0.15 4 0.0389825
0.15 6 0.0518915
0.15 8 0.061976
0.15 10 0.070013
0.15 12 0.0765402
0.15 15 0.0842881
0.18 0.1 0.00142345
0.18 0.5 0.00695335
0.18 1 0.0135193
0.18 2 0.0255281
0.18 4 0.0454863
0.18 6 0.0610294
0.18 8 0.0732663
0.18 10 0.0830557
0.18 12 0.0910199
0.18 15 0.100479
0.2 0.1 0.00151661
0.2 0.5 0.00742554
0.2 1 0.014489
0.2 2 0.0275317
0.2 4 0.0495086
0.2 6 0.0668191
0.2 8 0.0805259
0.2 10 0.0915216
0.2 12 0.100478
0.2 15 0.11112
0.3 0.1 0.00174866
0.3 0.5 0.00866852
0.3 1 0.0172554
0.3 2 0.0340286
0.3 4 0.0648851
0.3 6 0.0911192
0.3 8 0.112727
0.3 10 0.130378
0.3 12 0.144856
0.3 15 0.162079
0.4 0.1 0.00159819
0.4 0.5 0.00797418
0.4 1 0.0161903
0.4 2 0.0333217
0.4 4 0.0690474
0.4 6 0.103703
0.4 8 0.134519
0.4 10 0.160567
0.4 12 0.182161
0.4 15 0.207814
0.5 0.1 0.00116993
0.5 0.5 0.00572722
0.5 1 0.0117402
0.5 2 0.024915
0.5 4 0.0563908
0.5 6 0.0943779
0.5 8 0.135184
0.5 10 0.173364
0.5 12 0.205971
0.5 15 0.244417
0.6 0.1 0.000688558
0.6 0.5 0.00303982
0.6 1 0.00612991
0.6 2 0.0128849
0.6 4 0.0294056
0.6 6 0.0520804
0.6 8 0.085393
0.6 10 0.134387
0.6 12 0.191283
0.6 15 0.259792
0.7 0.1 0.000388197
0.7 0.5 0.00116249
0.7 1 0.00215541
0.7 2 0.0042351
0.7 4 0.0088358
0.7 6 0.0141891
0.7 8 0.0205929
0.7 10 0.0285695
0.7 12 0.0391811
0.7 15 0.0681753
0.8 0.1 0.00030546
0.8 0.5 0.000473118
0.8 1 0.000638235
0.8 2 0.000963427
0.8 4 0.00162736
0.8 6 0.00231558
0.8 8 0.00303151
0.8 10 0.00377817
0.8 12 0.00455946
0.8 15 0.00580959
0.9 0.1 0.000306901
0.9 0.5 0.000386963
0.9 1 0.000427667
0.9 2 0.000475069
0.9 4 0.00053504
0.9 6 0.000581762
0.9 8 0.000625627
0.9 10 0.00066953
0.9 12 0.00071457
0.9 15 0.000786609
1 0.1 0.000589947
1 0.5 0.000653961
1 1 0.000681567
1 2 0.000709237
1 4 0.000738524
1 6 0.00076164
1 8 0.000785119
1 10 0.000806663
1 12 0.000825997
1 15 0.000854368
0.05 0.1 0.000479302
0.05 0.5 0.00234605
0.05 1 0.00448362
0.05 2 0.00820599
0.05 4 0.0139874
0.05 6 0.0182505
0.05 8 0.0215138
0.05 10 0.0240873
0.05 12 0.0261665
0.05 15 0.0286285
0.08 0.1 0.000744978
0.08 0.5 0.0036221
0.08 1 0.0069404
0.08 2 0.012774
0.08 4 0.0219514
0.08 6 0.0287888
0.08 8 0.0340508
0.08 10 0.0382125
0.08 12 0.0415799
0.08 15 0.0455704
0.1 0.1 0.000907203
0.1 0.5 0.00440724
0.1 1 0.00846493
0.1 2 0.0156478
0.1 4 0.0270542
0.1 6 0.0356164
0.1 8 0.0422315
0.1 10 0.0474741
0.1 12 0.0517205
0.1 15 0.056755
0.12 0.1 0.00105675
0.12 0.5 0.00513615
0.12 1 0.00989157
0.12 2 0.0183719
0.12 4 0.0319754
0.12 6 0.0422701
0.12 8 0.0502571
0.12 10 0.0566005
0.12 12 0.0617439
0.12 15 0.0678449
0.15 0.1 0.00125598
0.15 0.5 0.00611702
0.15 1 0.0118339
0.15 2 0.0221522
0.15 4 0.0389825
0.15 6 0.0518915
0.15 8 0.061976
0.15 10 0.070013
0.15 12 0.0765402
0.15 15 0.0842881
0.18 0.1 0.00142345
0.18 0.5 0.00695335
0.18 1 0.0135193
0.18 2 0.0255281
0.18 4 0.0454863
0.18 6 0.0610294
0.18 8 0.0732663
0.18 10 0.0830557
0.18 12 0.0910199
0.18 15 0.100479
0.2 0.1 0.00151661
0.2 0.5 0.00742554
0.2 1 0.014489
0.2 2 0.0275317
0.2 4 0.0495086
0.2 6 0.0668191
0.2 8 0.0805259
0.2 10 0.0915216
0.2 12 0.100478
0.2 15 0.11112
0.3 0.1 0.00174866
0.3 0.5 0.00866852
0.3 1 0.0172554
0.3 2 0.0340286
0.3 4 0.0648851
0.3 6 0.0911192
0.3 8 0.112727
0.3 10 0.130378
0.3 12 0.144856
0.3 15 0.162079
0.4 0.1 0.00159819
0.4 0.5 0.00797418
0.4 1 0.0161903
0.4 2 0.0333217
0.4 4 0.0690474
0.4 6 0.103703
0.4 8 0.134519
0.4 10 0.160567
0.4 12 0.182161
0.4 15 0.207814
0.5 0.1 0.00116993
0.5 0.5 0.00572722
0.5 1 0.0117402
0.5 2 0.024915
0.5 4 0.0563908
0.5 6 0.0943779
0.5 8 0.135184
0.5 10 0.173364
0.5 12 0.205971
0.5 15 0.244417
0.6 0.1 0.000688558
0.6 0.5 0.00303982
0.6 1 0.00612991
0.6 2 0.0128849
0.6 4 0.0294056
0.6 6 0.0520804
0.6 8 0.085393
0.6 10 0.134387
0.6 12 0.191283
0.6 15 0.259792
0.7 0.1 0.000388197
0.7 0.5 0.00116249
0.7 1 0.00215541
0.7 2 0.0042351
0.7 4 0.0088358
0.7 6 0.0141891
0.7 8 0.0205929
0.7 10 0.0285695
0.7 12 0.0391811
0.7 15 0.0681753
0.8 0.1 0.00030546
0.8 0.5 0.000473118
0.8 1 0.000638235
0.8 2 0.000963427
0.8 4 0.00162736
0.8 6 0.00231558
0.8 8 0.00303151
0.8 10 0.00377817
0.8 12 0.00455946
0.8 15 0.00580959
0.9 0.1 0.000306901
0.9 0.5 0.000386963
0.9 1 0.000427667
0.9 2 0.000475069
0.9 4 0.00053504
0.9 6 0.000581762
0.9 8 0.000625627
0.9 10 0.00066953
0.9 12 0.00071457
0.9 15 0.000786609
1 0.1 0.000589947
1 0.5 0.000653961
1 1 0.000681567
1 2 0.000709237
1 4 0.000738524
1 6 0.00076164
1 8 0.000785119
1 10 0.000806663
1 12 0.000825997
1 15 0.000854368
