0.0001 0.25 0.15 11
0.0001 0.37 0.17 8
0.0001 0.33 0.15 10
0.0001 0.27 0.18 5
0.0001 0.32 0.12 11
0.0001 0.27 0.17 11
0.0001 0.24 0.15 11
0.0001 0.26 0.26 8
0.0001 0.29 0.19 13
0.0001 0.46 0.13 7
0.001  0.32 0.20 5
0.001  0.27 0.22 4
0.001  0.23 0.20 5
0.001  0.29 0.15 11
0.001  0.16 0.17 10
0.001  0.21 0.19 6
0.001  0.24 0.27 8
0.001  0.27 0.21 9
0.001  0.45 0.12 7
0.001  0.21 0.15 11
0.01   0.15 0.34 4
0.01   0.13 0.42 5
0.01   0.12 0.38 4
0.01   0.16 0.40 5
0.01   0.16 0.15 9
0.01   0.12 0.32 4
0.01   0.12 0.40 6
0.01   0.14 0.31 4
0.01   0.27 0.14 8
0.01   0.12 0.19 11
