0.0001 0.346105 0.171292 8
0.0001 0.317606 0.156615 10
0.0001 0.259721 0.196883 5
0.0001 0.310668 0.12833 11
0.0001 0.278312 0.177811 12
0.0001 0.248919 0.153156 11
0.0001 0.2649 0.267411 7
0.0001 0.301761 0.190708 10
0.0001 0.466556 0.131968 6
0.0001 0.231779 0.161775 11
0.0005 0.345265 0.174296 8
0.0005 0.315315 0.160298 10
0.0005 0.258653 0.200876 5
0.0005 0.310384 0.128963 11
0.0005 0.27773 0.177258 12
0.0005 0.247302 0.153021 11
0.0005 0.263473 0.265798 8
0.0005 0.300232 0.188974 10
0.0005 0.466806 0.130721 7
0.0005 0.231196 0.161687 11
0.0075 0.303623 0.237929 8
0.0075 0.23525 0.243633 7
0.0075 0.220937 0.2833 5
0.0075 0.283103 0.149695 12
0.0075 0.24896 0.167145 12
0.0075 0.200674 0.215315 7
0.0075 0.209901 0.223122 7
0.0075 0.249544 0.178741 9
0.0075 0.420157 0.109598 9
0.0075 0.205444 0.16304 13
0.001 0.343838 0.178118 8
0.001 0.311741 0.16525 10
0.001 0.257037 0.20592 5
0.001 0.309756 0.129815 11
0.001 0.276782 0.176558 12
0.001 0.245014 0.152873 11
0.001 0.26135 0.263646 8
0.001 0.298027 0.186779 10
0.001 0.466632 0.129163 7
0.001 0.23025 0.161581 11
0.003 0.334871 0.194644 8
0.003 0.291628 0.188247 9
0.003 0.248181 0.22743 5
0.003 0.304735 0.134092 11
0.003 0.270914 0.173707 12
0.003 0.233508 0.152179 10
0.003 0.24952 0.253522 8
0.003 0.286392 0.177537 11
0.003 0.46068 0.123044 8
0.003 0.224583 0.161397 11
0.005 0.322263 0.213133 7
0.005 0.266747 0.213526 9
0.005 0.236823 0.251296 5
0.005 0.296553 0.13999 12
0.005 0.262377 0.170817 12
0.005 0.219518 0.172752 10
0.005 0.233447 0.241102 8
0.005 0.27129 0.167523 9
0.005 0.44684 0.117084 9
0.005 0.216826 0.16177 11
0.01 0.283525 0.263356 8
0.01 0.206672 0.269972 7
0.01 0.204562 0.316037 4
0.01 0.267188 0.161777 11
0.01 0.233466 0.163315 12
0.01 0.182136 0.259832 6
0.01 0.185602 0.278115 7
0.01 0.226704 0.220411 7
0.01 0.385797 0.101961 9
0.01 0.193177 0.165029 13
0.05 0.0779855 0.508977 5
0.05 0.0542167 0.341427 5
0.05 0.0664704 0.566883 4
0.05 0.0674221 0.379141 5
0.05 0.0652097 0.563093 2
0.05 0.0633245 0.674652 5
0.05 0.0486109 0.668606 6
0.05 0.0615252 0.574356 3
0.05 0.0382068 0.281925 6
0.05 0.064546 0.185586 9
0.1 0.0262145 0.538834 4
0.1 0.01287 0.488137 7
0.1 0.0285875 0.503201 4
0.1 0.0180383 0.310738 7
0.1 0.02376 0.676495 6
0.1 0.0282035 0.805246 4
0.1 0.00331873 0.658161 6
0.1 0.020408 0.625697 3
0.1 1.82292e-05 0.630493 2
0.1 0.0246542 0.273468 6
0 0.346268 0.170545 8
0 0.318091 0.155733 10
0 0.259952 0.195884 5
0 0.310706 0.128177 11
0 0.278431 0.177947 12
0 0.249291 0.153194 11
0 0.265218 0.267799 7
0 0.302109 0.191139 10
0 0.466438 0.132278 6
0 0.231897 0.161797 11
