0.05 1 0.00448362
0.08 1 0.0069404
0.1 1 0.00846493
0.12 1 0.00989157
0.15 1 0.0118339
0.18 1 0.0135193
0.2 1 0.014489
0.3 1 0.0172554
0.4 1 0.0161903
0.5 1 0.0117402
0.6 1 0.00612991
0.7 1 0.00215541
0.8 1 0.000638235
0.9 1 0.000427667
1 1 0.000681567
0.05 1 0.00448362
0.08 1 0.0069404
0.1 1 0.00846493
0.12 1 0.00989157
0.15 1 0.0118339
0.18 1 0.0135193
0.2 1 0.014489
0.3 1 0.0172554
0.4 1 0.0161903
0.5 1 0.0117402
0.6 1 0.00612991
0.7 1 0.00215541
0.8 1 0.000638235
0.9 1 0.000427667
1 1 0.000681567
0.05 1 0.00448362
0.08 1 0.0069404
0.1 1 0.00846493
0.12 1 0.00989157
0.15 1 0.0118339
0.18 1 0.0135193
0.2 1 0.014489
0.3 1 0.0172554
0.4 1 0.0161903
0.5 1 0.0117402
0.6 1 0.00612991
0.7 1 0.00215541
0.8 1 0.000638235
0.9 1 0.000427667
1 1 0.000681567
