0.05 6 0.0182505
0.08 6 0.0287888
0.1 6 0.0356164
0.12 6 0.0422701
0.15 6 0.0518915
0.18 6 0.0610294
0.2 6 0.0668191
0.3 6 0.0911192
0.4 6 0.103703
0.5 6 0.0943779
0.6 6 0.0520804
0.7 6 0.0141891
0.8 6 0.00231558
0.9 6 0.000581762
1 6 0.00076164
0.05 6 0.0182505
0.08 6 0.0287888
0.1 6 0.0356164
0.12 6 0.0422701
0.15 6 0.0518915
0.18 6 0.0610294
0.2 6 0.0668191
0.3 6 0.0911192
0.4 6 0.103703
0.5 6 0.0943779
0.6 6 0.0520804
0.7 6 0.0141891
0.8 6 0.00231558
0.9 6 0.000581762
1 6 0.00076164
0.05 6 0.0182505
0.08 6 0.0287888
0.1 6 0.0356164
0.12 6 0.0422701
0.15 6 0.0518915
0.18 6 0.0610294
0.2 6 0.0668191
0.3 6 0.0911192
0.4 6 0.103703
0.5 6 0.0943779
0.6 6 0.0520804
0.7 6 0.0141891
0.8 6 0.00231558
0.9 6 0.000581762
1 6 0.00076164
