0.0001 0.00365834
0.0001 0.00645076
0.0001 0.00261604
0.001 0.466083
0.001 0.124439
0.001 0.668232
0.01 0.966486
0.01 0.973282
0.01 0.975877
0.005 0.954322
0.005 0.944958
0.005 0.95357
0.004 0.927025
0.004 0.941312
0.004 0.925943
0.003 0.896139
0.003 0.715008
0.003 0.927985
0.002 0.822922
0.002 0.804143
0.002 0.774804
0.0012 0.10298
0.0012 0.369136
0.0012 0.435174
0.0016 0.626398
0.0016 0.53842
0.0016 0.435174
0.0015 0.6702
0.0015 0.660482
0.0015 0.692629
0.0014 0.6702
0.0014 0.498983
0.0014 0.576733
0.0008 0.171101
0.0008 0.0907114
0.0008 0.008044496
0.0035 0.898221
0.0035 0.919718
0.0035 0.875888
0.0025 0.825543
0.0025 0.822983
0.0025 0.781287
0.1 0.998048
0.1 0.98918
0.1 0.988507
0.01 0.980677
0.01 0.979496
0.02 0.988077
0.005 0.944555
0.05 0.955525
0.004 0.909944
0.004 0.910199
0.003 0.91876
0.003 0.888649
0.002 0.781034
0.002 0.91282
0.0025 0.859469
0.0025 0.84327
0.0035 0.901524
0.0035 0.92375
0.0016 0.752109
0.0016 0.52295
0.0014 0.641319
0.0014 0.0509994
0.0012 0.540156
0.0012 0.634267
0.0013 0.587699
0.0013 0.59164
0.0015 0.0928117
0.0015 0.7051
0.00155 0.58449
0.00145 0.725975
0.0008 0.0854909
0.0011 0.128249
0.0005 0.0397113
0.01 0.976259
0.005 0.951333
0.004 0.914004
0.003 0.895401
0.002 0.743924
0.0025 0.868328
0.0035 0.940163
0.0016 0.709247
0.0014 0.726186
0.0012 0.669621
0.0013 0.388481
0.0015 0.597388
0.00155 0.663589
0.00145 0.761603
0.0008 0.112398
0.0011 0.627002
0.0005 0.0325985
0.001 0.131514
0.00135 0.719977
0.00125 0.285652
0.01 0.985856
0.01 0.982291
0.001 0.0210479
0.001 0.66596
0.002 0.756996
0.002 0.779765
0.003 0.904142
0.003 0.934284
0.0015 0.523667
0.0015 0.746114
0.0018 0.746277
0.0018 0.758134
0.0012 0.278373
0.0012 0.602052
0.0013 0.674752
0.0013 0.519886
0.00125 0.555546
0.00125 0.504676
0.0011 0.52607
0.0011 0.45296
0.00115 0.0695792
0.00115 0.368048
0.00105 0.399021
0.00105 0.66596
0.0009 0.0217597
0.0009 0.43285
0.0014 0.617031
0.0008 0.0386607
0.00145 0.535821
0.00165 0.636283
0.00175 0.719035
