0.05 0.1 -3.00113e-05
0.05 0.5 0.000244344
0.05 1 0.00119063
0.05 2 0.00366278
0.05 4 0.00794601
0.05 6 0.0114677
0.05 8 0.0144019
0.05 10 0.0168782
0.05 12 0.0189926
0.05 15 0.0216381
0.08 0.1 -2.02076e-05
0.08 0.5 0.000862331
0.08 1 0.00287696
0.08 2 0.0066894
0.08 4 0.0133271
0.08 6 0.0188601
0.08 8 0.0235109
0.08 10 0.0274578
0.08 12 0.0308394
0.08 15 0.0350807
0.1 0.1 1.54332e-05
0.1 0.5 0.00140604
0.1 1 0.00385621
0.1 2 0.00846539
0.1 4 0.0165874
0.1 6 0.0234372
0.1 8 0.0292385
0.1 10 0.0341855
0.1 12 0.0384371
0.1 15 0.0437807
0.12 0.1 5.35554e-05
0.12 0.5 0.00189579
0.12 1 0.00470616
0.12 2 0.0100349
0.12 4 0.0195548
0.12 6 0.027693
0.12 8 0.0346477
0.12 10 0.0406126
0.12 12 0.0457575
0.12 15 0.0522403
0.15 0.1 0.000117012
0.15 0.5 0.00248662
0.15 1 0.00573344
0.15 2 0.0119752
0.15 4 0.0233901
0.15 6 0.0333855
0.15 8 0.0420678
0.15 10 0.0495944
0.15 12 0.0561303
0.15 15 0.064405
0.18 0.1 0.00018888
0.18 0.5 0.00290709
0.18 1 0.00645894
0.18 2 0.0133867
0.18 4 0.0263933
0.18 6 0.0381108
0.18 8 0.0484985
0.18 10 0.0576278
0.18 12 0.0656256
0.18 15 0.0758136
0.2 0.1 0.00024066
0.2 0.5 0.00309678
0.2 1 0.00677577
0.2 2 0.0140223
0.2 4 0.0278837
0.2 6 0.0406412
0.2 8 0.0521351
0.2 10 0.0623512
0.2 12 0.0713673
0.2 15 0.0829125
0.3 0.1 0.000479791
0.3 0.5 0.00313343
0.3 1 0.00658461
0.3 2 0.0136853
0.3 4 0.0285602
0.3 6 0.0440698
0.3 8 0.0597556
0.3 10 0.0750927
0.3 12 0.0896179
0.3 15 0.109257
0.4 0.1 0.000529486
0.4 0.5 0.00247393
0.4 1 0.00470191
0.4 2 0.0095193
0.4 4 0.0200198
0.4 6 0.0318624
0.4 8 0.0452757
0.4 10 0.0604201
0.4 12 0.0772794
0.4 15 0.104917
0.5 0.1 0.000659127
0.5 0.5 0.00197249
0.5 1 0.00318288
0.5 2 0.00557404
0.5 4 0.0106262
0.5 6 0.0161398
0.5 8 0.0222494
0.5 10 0.0291157
0.5 12 0.0369484
0.5 15 0.0511931
0.6 0.1 0.000872447
0.6 0.5 0.00171254
0.6 1 0.00257272
0.6 2 0.00386332
0.6 4 0.00599399
0.6 6 0.00796967
0.6 8 0.0099473
0.6 10 0.0119943
0.6 12 0.0141466
0.6 15 0.0176228
0.7 0.1 0.00103758
0.7 0.5 0.00167409
0.7 1 0.00237904
0.7 2 0.00336301
0.7 4 0.00467838
0.7 6 0.00566451
0.7 8 0.00649515
0.7 10 0.00723159
0.7 12 0.00791018
0.7 15 0.00887618
0.8 0.1 0.00119426
0.8 0.5 0.00175305
0.8 1 0.00239496
0.8 2 0.0033218
0.8 4 0.00445082
0.8 6 0.00519735
0.8 8 0.00580382
0.8 10 0.00633945
0.8 12 0.00682116
0.8 15 0.00744923
0.9 0.1 0.00139607
0.9 0.5 0.00187194
0.9 1 0.00243251
0.9 2 0.0033352
0.9 4 0.00459238
0.9 6 0.00544969
0.9 8 0.00610805
0.9 10 0.00667318
0.9 12 0.00719783
0.9 15 0.00793522
1 0.1 0.00493687
1 0.5 0.00508443
1 1 0.00520464
1 2 0.00538742
1 4 0.00570294
1 6 0.00602265
1 8 0.00641568
1 10 0.00691669
1 12 0.00741216
1 15 0.00807794
0.05 0.1 -7.06674e-05
0.05 0.5 -0.000103488
0.05 1 -7.73282e-05
0.05 2 -3.26317e-05
0.05 4 2.75351e-05
0.05 6 7.09865e-05
0.05 8 0.00010742
0.05 10 0.000140326
0.05 12 0.000171379
0.05 15 0.000216528
0.08 0.1 -9.63203e-05
0.08 0.5 -7.8378e-05
0.08 1 -4.2087e-05
0.08 2 1.86131e-05
0.08 4 0.00010246
0.08 6 0.000168324
0.08 8 0.000229268
0.08 10 0.00029023
0.08 12 0.000354281
0.08 15 0.000462724
0.1 0.1 -8.61784e-05
0.1 0.5 -6.13587e-05
0.1 1 -1.81847e-05
0.1 2 5.35087e-05
0.1 4 0.000155632
0.1 6 0.000242286
0.1 8 0.000329335
0.1 10 0.000424517
0.1 12 0.000535948
0.1 15 0.000765411
0.12 0.1 -7.58359e-05
0.12 0.5 -4.41015e-05
0.12 1 6.08153e-06
0.12 2 8.92065e-05
0.12 4 0.000213055
0.12 6 0.000328331
0.12 8 0.000456106
0.12 10 0.000614033
0.12 12 0.000833798
0.12 15 0.0014824
0.15 0.1 -5.99343e-05
0.15 0.5 -1.7742e-05
0.15 1 4.32378e-05
0.15 2 0.00014478
0.15 4 0.000311292
0.15 6 0.000494309
0.15 8 0.000741728
0.15 10 0.00115161
0.15 12 0.00192216
0.15 15 0.00341472
0.18 0.1 -4.35514e-05
0.18 0.5 9.22553e-06
0.18 1 8.14102e-05
0.18 2 0.000203713
0.18 4 0.000431898
0.18 6 0.000739763
0.18 8 0.00129283
0.18 10 0.00233787
0.18 12 0.00357815
0.18 15 0.00548941
0.2 0.1 -3.23539e-05
0.2 0.5 2.75644e-05
0.2 1 0.000107486
0.2 2 0.000245525
0.2 4 0.000530987
0.2 6 0.000983225
0.2 8 0.00193002
0.2 10 0.00328838
0.2 12 0.00471322
0.2 15 0.00685681
0.3 0.1 2.71238e-05
0.3 0.5 0.000124104
0.3 1 0.000246938
0.3 2 0.000505842
0.3 4 0.00151538
0.3 6 0.00353327
0.3 8 0.00570557
0.3 10 0.00788487
0.3 12 0.0100562
0.3 15 0.0132828
0.4 0.1 9.29296e-05
0.4 0.5 0.000229885
0.4 1 0.000405945
0.4 2 0.000917602
0.4 4 0.00324909
0.4 6 0.00603426
0.4 8 0.00883753
0.4 10 0.0116425
0.4 12 0.0144384
0.4 15 0.0186009
0.5 0.1 0.000166089
0.5 0.5 0.000346255
0.5 1 0.000591349
0.5 2 0.00150376
0.5 4 0.00447525
0.5 6 0.00758228
0.5 8 0.0107261
0.5 10 0.0138907
0.5 12 0.0170662
0.5 15 0.0218346
0.6 0.1 0.000248372
0.6 0.5 0.000475762
0.6 1 0.00080696
0.6 2 0.00199269
0.6 4 0.00478926
0.6 6 0.00766582
0.6 8 0.010612
0.6 10 0.0136164
0.6 12 0.0166721
0.6 15 0.0213409
0.7 0.1 0.000341289
0.7 0.5 0.00062809
0.7 1 0.00104452
0.7 2 0.00218558
0.7 4 0.00425856
0.7 6 0.00624167
0.7 8 0.00824684
0.7 10 0.0103041
0.7 12 0.0124232
0.7 15 0.0157252
0.8 0.1 0.000533572
0.8 0.5 0.000826761
0.8 1 0.00128744
0.8 2 0.00219232
0.8 4 0.00359648
0.8 6 0.00474814
0.8 8 0.00576229
0.8 10 0.00669524
0.8 12 0.00758154
0.8 15 0.00886907
0.9 0.1 0.00103121
0.9 0.5 0.00129094
0.9 1 0.00158469
0.9 2 0.00220997
0.9 4 0.00321717
0.9 6 0.00395138
0.9 8 0.0045593
0.9 10 0.00509268
0.9 12 0.00557123
0.9 15 0.00620896
1 0.1 0.00490371
1 0.5 0.0050447
1 1 0.00517958
1 2 0.0053868
1 4 0.00566754
1 6 0.0058197
1 8 0.00588637
1 10 0.00592386
1 12 0.00599289
1 15 0.0062145
0.05 0.1 -0.00011117
0.05 0.5 0.000127314
0.05 1 0.000493991
0.05 2 0.00306374
0.05 4 0.00750425
0.05 6 0.011089
0.05 8 0.0140472
0.05 10 0.0165342
0.05 12 0.0186554
0.05 15 0.0213052
0.08 0.1 -6.07226e-06
0.08 0.5 0.000327545
0.08 1 0.0023698
0.08 2 0.00657185
0.08 4 0.0136989
0.08 6 0.0194721
0.08 8 0.0242183
0.08 10 0.0281793
0.08 12 0.0315294
0.08 15 0.0356767
0.1 0.1 2.56043e-05
0.1 0.5 0.000686842
0.1 1 0.00348092
0.1 2 0.00861455
0.1 4 0.0174713
0.1 6 0.0247293
0.1 8 0.0307212
0.1 10 0.0357223
0.1 12 0.0399445
0.1 15 0.0451563
0.12 0.1 5.56828e-05
0.12 0.5 0.0012383
0.12 1 0.00440636
0.12 2 0.0103609
0.12 4 0.0208496
0.12 6 0.0295971
0.12 8 0.0368798
0.12 10 0.0429767
0.12 12 0.0481246
0.12 15 0.0544693
0.15 0.1 9.84984e-05
0.15 0.5 0.00188066
0.15 1 0.00542188
0.15 2 0.0123292
0.15 4 0.0249784
0.15 6 0.0359213
0.15 8 0.045222
0.15 10 0.0530856
0.15 12 0.0597486
0.15 15 0.0679587
0.18 0.1 0.000139434
0.18 0.5 0.00227181
0.18 1 0.00597643
0.18 2 0.0134414
0.18 4 0.0277384
0.18 6 0.0407174
0.18 8 0.0521035
0.18 10 0.0619019
0.18 12 0.0702727
0.18 15 0.0806125
0.2 0.1 0.000166168
0.2 0.5 0.00242327
0.2 1 0.00610612
0.2 2 0.0137047
0.2 4 0.0287158
0.2 6 0.0428654
0.2 8 0.0556333
0.2 10 0.0668156
0.2 12 0.0764562
0.2 15 0.0884092
0.3 0.1 0.0003057
0.3 0.5 0.00257968
0.3 1 0.00498109
0.3 2 0.0107896
0.3 4 0.0237819
0.3 6 0.0384202
0.3 8 0.0545911
0.3 10 0.0717672
0.3 12 0.0889898
0.3 15 0.112713
0.4 0.1 0.000481039
0.4 0.5 0.00263751
0.4 1 0.00384884
0.4 2 0.00650336
0.4 4 0.0129307
0.4 6 0.020319
0.4 8 0.0287744
0.4 10 0.0386204
0.4 12 0.0503455
0.4 15 0.0731259
0.5 0.1 0.000663909
0.5 0.5 0.00259714
0.5 1 0.00364246
0.5 2 0.00486686
0.5 4 0.00727988
0.5 6 0.00992116
0.5 8 0.0127482
0.5 10 0.0157649
0.5 12 0.0189992
0.5 15 0.0243519
0.6 0.1 0.000794629
0.6 0.5 0.00247009
0.6 1 0.00344918
0.6 2 0.0045829
0.6 4 0.00580948
0.6 6 0.00685317
0.6 8 0.00788767
0.6 10 0.00891586
0.6 12 0.00994241
0.6 15 0.0114926
0.7 0.1 0.000863009
0.7 0.5 0.00229593
0.7 1 0.003135
0.7 2 0.00423218
0.7 4 0.00552635
0.7 6 0.00631725
0.7 8 0.00689809
0.7 10 0.00740186
0.7 12 0.00787635
0.7 15 0.00855627
0.8 0.1 0.00093546
0.8 0.5 0.00207425
0.8 1 0.00274833
0.8 2 0.00371295
0.8 4 0.00502407
0.8 6 0.00594852
0.8 8 0.00667048
0.8 10 0.00726514
0.8 12 0.00777109
0.8 15 0.00841066
0.9 0.1 0.00114977
0.9 0.5 0.00195663
0.9 1 0.00250967
0.9 2 0.00328483
0.9 4 0.00447685
0.9 6 0.00538155
0.9 8 0.00611821
0.9 10 0.00674654
0.9 12 0.00729835
0.9 15 0.00802172
1 0.1 0.0048933
1 0.5 0.00502903
1 1 0.00519012
1 2 0.00548188
1 4 0.0059483
1 6 0.00629269
1 8 0.00656475
1 10 0.00681696
1 12 0.00711708
1 15 0.00769294
0.05 0.1 -5.73959e-05
0.05 0.5 0.000558422
0.05 1 0.00130054
0.05 2 0.00273187
0.05 4 0.00541864
0.05 6 0.0078809
0.05 8 0.0101328
0.05 10 0.01219
0.05 12 0.0140687
0.05 15 0.0165865
0.08 0.1 0.000132087
0.08 0.5 0.000847413
0.08 1 0.00179725
0.08 2 0.00366551
0.08 4 0.00726758
0.08 6 0.0106835
0.08 8 0.0139086
0.08 10 0.0169415
0.08 12 0.0197846
0.08 15 0.0237045
0.1 0.1 0.000162363
0.1 0.5 0.000984283
0.1 1 0.00201538
0.1 2 0.0040581
0.1 4 0.00804997
0.1 6 0.0119043
0.1 8 0.0156082
